1  0.808303  0.805849  0.799476  0.805462  0.80321  0.811697  0.778734  0.803127  0.802326  0.823268  0.796506  0.793195  0.803442  0.787546  0.754695  0.783406  0.794894  0.779087  0.784861  0.795864  0.785469  0.787507  0.801851  0.783809  0.796515  0.778917  0.778059  0.799208  0.7893  0.760858  0.772537  0.778564  0.789342  0.767091  0.763421  0.75558  0.784033  0.791993  0.787703  0.79069  0.774673  0.792952  0.785737  0.80285  0.785739  0.78326  0.779961  0.786067  0.78217  0.774715  0.796894  0.784281  0.795075  0.769573  0.791408  0.820452  0.774159  0.800306  0.795792  0.802266  0.807452  0.786483  0.800614  0.790571  0.793697  0.80128  0.797067  0.808544  0.780521  0.783985  0.782345  0.800762  0.799319  0.797235  0.794443  0.753041  0.759401  0.790814  0.798586  0.765302  0.801146  0.796719  0.783519  0.770174  0.759143  0.765465  0.810812  0.773439  0.784684  0.793938  0.759635  0.773704  0.791513  0.792017  0.755532  0.737898  0.762118  0.761755  0.763218  0.758317  0.746406  0.751517  0.762359  0.752299  0.765463  0.765722  0.79966  0.765511  0.763994  0.741522  0.789089  0.791687  0.799864  0.794401  0.792705  0.795218  0.790736  0.794473  0.800381  0.785885  0.784966  0.778573  0.773056  0.776656  0.803814  0.785763  0.787236  0.786594  0.790786  0.792401  0.770021  0.814163  0.772328  0.778994  0.788444  0.800407  0.790592  0.787925  0.787457  0.809676  0.782563  0.795725  0.7832  0.78305  0.797352  0.785519  0.786697  0.775736  0.795864  0.771063  
0.808303  1  0.84695  0.832883  0.832227  0.853793  0.816845  0.823108  0.811351  0.79372  0.808838  0.828421  0.824298  0.798167  0.800704  0.773567  0.784008  0.786114  0.799268  0.783443  0.791476  0.795441  0.786996  0.787365  0.792283  0.803549  0.770502  0.771838  0.752805  0.777579  0.77914  0.781756  0.777432  0.787878  0.788412  0.801656  0.77187  0.787242  0.794906  0.795116  0.806213  0.798275  0.805066  0.782476  0.796161  0.807754  0.799249  0.772254  0.800243  0.797245  0.768723  0.796907  0.776186  0.787054  0.761709  0.789205  0.814665  0.773266  0.816006  0.805088  0.795418  0.803876  0.815989  0.800826  0.805269  0.806758  0.815288  0.802958  0.789802  0.808322  0.797837  0.812908  0.807118  0.812273  0.828621  0.792662  0.771387  0.772627  0.816547  0.771301  0.78893  0.816128  0.800339  0.81244  0.757858  0.772344  0.792231  0.796223  0.798646  0.779141  0.783322  0.781148  0.773148  0.796888  0.795018  0.758472  0.751305  0.756789  0.760764  0.776681  0.75101  0.745926  0.760435  0.761969  0.777122  0.779103  0.765377  0.806378  0.752358  0.763242  0.741276  0.801147  0.796045  0.792653  0.793865  0.82606  0.809661  0.783948  0.783916  0.803092  0.802725  0.78852  0.790582  0.77109  0.771581  0.802083  0.762605  0.779624  0.76395  0.779111  0.792957  0.762396  0.801245  0.771679  0.796961  0.802035  0.8104  0.784321  0.795419  0.802066  0.795453  0.761275  0.806679  0.776154  0.805791  0.82136  0.80739  0.81453  0.794185  0.805717  0.777514  
0.805849  0.84695  1  0.835629  0.820335  0.831642  0.817121  0.811331  0.807913  0.793081  0.816132  0.828565  0.843498  0.797919  0.789484  0.755462  0.791309  0.789964  0.783277  0.795023  0.786417  0.81255  0.790696  0.789352  0.802667  0.798571  0.755938  0.761242  0.78638  0.780991  0.770159  0.785374  0.770611  0.798364  0.80514  0.79433  0.789032  0.795882  0.801335  0.798964  0.798506  0.793363  0.798671  0.782747  0.785316  0.798992  0.796428  0.763021  0.795564  0.803069  0.766716  0.800987  0.785665  0.78276  0.773349  0.80518  0.803163  0.781361  0.807534  0.778388  0.780062  0.820504  0.803596  0.777155  0.791537  0.8011  0.796402  0.786962  0.784338  0.78485  0.773815  0.795862  0.798328  0.791237  0.799757  0.782259  0.774454  0.781756  0.820488  0.771333  0.799951  0.8058  0.791595  0.787347  0.78545  0.777645  0.790488  0.80736  0.806909  0.772746  0.779686  0.785366  0.782881  0.810793  0.809555  0.7594  0.749508  0.757923  0.74806  0.765381  0.744153  0.751226  0.763241  0.766271  0.746044  0.773214  0.757807  0.79453  0.751322  0.763086  0.75209  0.812863  0.805572  0.81095  0.816286  0.808059  0.806373  0.797824  0.7864  0.793314  0.79119  0.797998  0.792686  0.78101  0.788606  0.779366  0.772313  0.797244  0.777793  0.78436  0.790695  0.784199  0.802481  0.782849  0.792287  0.797416  0.803577  0.790109  0.782402  0.800061  0.809443  0.786082  0.813804  0.789383  0.78434  0.812111  0.806975  0.801172  0.790073  0.798706  0.803651  
0.799476  0.832883  0.835629  1  0.807489  0.837071  0.807744  0.806215  0.815183  0.792827  0.807579  0.808374  0.823967  0.808572  0.787275  0.780838  0.783308  0.783704  0.783192  0.788706  0.806958  0.799025  0.789908  0.787079  0.796777  0.809693  0.767502  0.778333  0.772433  0.779705  0.797328  0.775353  0.776797  0.781334  0.776108  0.79722  0.786706  0.788961  0.803557  0.81657  0.792242  0.798335  0.800445  0.786891  0.791105  0.797907  0.788708  0.782324  0.796257  0.786065  0.784509  0.797204  0.794353  0.788019  0.754147  0.790957  0.800197  0.778047  0.819828  0.796535  0.792763  0.809758  0.796595  0.791125  0.789806  0.807814  0.808617  0.796085  0.779283  0.802734  0.782254  0.801105  0.785954  0.810685  0.800674  0.788951  0.776497  0.783221  0.801973  0.781399  0.807281  0.796423  0.814427  0.790388  0.781151  0.780815  0.780064  0.822232  0.795401  0.791439  0.79929  0.786601  0.781816  0.794709  0.803879  0.75701  0.740525  0.761574  0.75953  0.767691  0.75296  0.74165  0.750591  0.774185  0.748976  0.761912  0.746345  0.789359  0.764036  0.774253  0.741339  0.808807  0.780091  0.790447  0.791852  0.788285  0.801483  0.799337  0.791757  0.806416  0.801473  0.775265  0.785333  0.77201  0.786299  0.790767  0.777673  0.7799  0.778207  0.787486  0.787386  0.777218  0.78346  0.785093  0.820919  0.776012  0.790323  0.794465  0.787039  0.79246  0.794898  0.779626  0.810712  0.787174  0.792183  0.819353  0.801211  0.803153  0.807388  0.808533  0.774185  
0.805462  0.832227  0.820335  0.807489  1  0.823338  0.835462  0.827585  0.844511  0.771151  0.795113  0.850029  0.816175  0.794434  0.780323  0.77182  0.76921  0.771792  0.77546  0.768006  0.786633  0.798803  0.772396  0.781416  0.785066  0.779433  0.76676  0.774091  0.784427  0.7766  0.775559  0.781433  0.765658  0.78191  0.776832  0.789408  0.779608  0.790047  0.784974  0.791875  0.787194  0.785404  0.781968  0.776086  0.781086  0.796473  0.799187  0.791696  0.788636  0.80241  0.78088  0.792837  0.779699  0.774582  0.766143  0.78525  0.776256  0.781276  0.793782  0.783654  0.769783  0.782181  0.784685  0.781551  0.780723  0.789249  0.796535  0.789301  0.78157  0.796371  0.781069  0.815971  0.794754  0.781342  0.781515  0.794392  0.771473  0.778399  0.793971  0.772485  0.79351  0.78923  0.783431  0.794487  0.775289  0.784496  0.794096  0.78395  0.798668  0.786415  0.786376  0.770191  0.785411  0.791358  0.791902  0.752632  0.762501  0.77488  0.77742  0.778413  0.765812  0.759359  0.773673  0.777691  0.770963  0.797446  0.756803  0.772043  0.779032  0.771316  0.759906  0.785448  0.778813  0.786112  0.785464  0.773936  0.777472  0.797395  0.783006  0.784463  0.787994  0.786434  0.773526  0.757074  0.786802  0.778281  0.777082  0.765736  0.754322  0.803543  0.785654  0.802549  0.787821  0.781141  0.786456  0.797078  0.777368  0.780445  0.780871  0.76655  0.778689  0.758923  0.798456  0.77208  0.781846  0.790165  0.787195  0.793133  0.780084  0.805419  0.788915  
0.80321  0.853793  0.831642  0.837071  0.823338  1  0.822325  0.811374  0.811622  0.800656  0.804788  0.834144  0.818732  0.805165  0.780264  0.771343  0.784435  0.790374  0.787895  0.795517  0.78752  0.799287  0.794426  0.793647  0.793052  0.817885  0.769229  0.767292  0.762095  0.782547  0.768542  0.779948  0.780206  0.795341  0.781427  0.789159  0.76858  0.792848  0.799305  0.799264  0.811122  0.792951  0.792417  0.780599  0.810606  0.812937  0.79779  0.762005  0.799249  0.789334  0.766119  0.800367  0.777189  0.787542  0.753942  0.796854  0.808065  0.777863  0.824374  0.788934  0.785995  0.811583  0.804427  0.784655  0.802132  0.811607  0.807858  0.80345  0.785543  0.788741  0.780553  0.796873  0.797362  0.826588  0.80167  0.800806  0.793959  0.774898  0.798534  0.763559  0.794135  0.812793  0.801932  0.78294  0.749648  0.784185  0.7822  0.810012  0.789023  0.785203  0.775224  0.778963  0.782492  0.794848  0.81783  0.751616  0.74282  0.75346  0.753087  0.771743  0.744861  0.751308  0.763645  0.768562  0.747312  0.782805  0.765025  0.799446  0.762327  0.769546  0.729626  0.801521  0.803447  0.815155  0.80231  0.815552  0.818364  0.813353  0.794393  0.799293  0.782615  0.781366  0.78804  0.775128  0.778001  0.807716  0.78115  0.772777  0.776621  0.800557  0.800048  0.789321  0.815958  0.759336  0.790344  0.781706  0.802816  0.807944  0.792347  0.81641  0.792618  0.769936  0.807836  0.775089  0.786568  0.824849  0.816925  0.802268  0.795188  0.812569  0.78726  
0.811697  0.816845  0.817121  0.807744  0.835462  0.822325  1  0.823673  0.815237  0.786846  0.811325  0.850773  0.817813  0.825458  0.781247  0.773936  0.781496  0.785909  0.771249  0.785683  0.789035  0.785836  0.783838  0.785221  0.778858  0.791495  0.766914  0.778747  0.797585  0.775698  0.76564  0.783375  0.786101  0.778526  0.765899  0.783246  0.77794  0.78959  0.80552  0.792764  0.787224  0.782954  0.798751  0.794109  0.791624  0.801172  0.795825  0.788391  0.782792  0.787397  0.766355  0.801601  0.790263  0.785273  0.764008  0.781419  0.77923  0.780549  0.805251  0.778239  0.776621  0.7896  0.778524  0.79131  0.788686  0.791906  0.796667  0.796705  0.790389  0.80043  0.765543  0.792898  0.800524  0.796149  0.783554  0.794842  0.778792  0.782924  0.817215  0.783356  0.787818  0.802258  0.789328  0.80125  0.772143  0.777156  0.802282  0.793398  0.79941  0.806744  0.791502  0.786676  0.77321  0.794781  0.787947  0.760778  0.747388  0.763905  0.766326  0.782307  0.766636  0.772787  0.765725  0.778774  0.789596  0.766089  0.757088  0.800706  0.781245  0.771309  0.758635  0.798982  0.792848  0.820771  0.787765  0.793763  0.790855  0.791765  0.790602  0.786478  0.782923  0.789096  0.780032  0.760882  0.780062  0.774324  0.779256  0.772988  0.76176  0.797938  0.775109  0.773467  0.802289  0.766274  0.795445  0.799875  0.779548  0.773609  0.774581  0.782069  0.806284  0.781864  0.803422  0.790347  0.791608  0.805087  0.790089  0.791612  0.805528  0.805458  0.792888  
0.778734  0.823108  0.811331  0.806215  0.827585  0.811374  0.823673  1  0.846339  0.766304  0.789029  0.844847  0.801856  0.787752  0.777798  0.76091  0.768012  0.769015  0.770055  0.782802  0.790295  0.79308  0.770228  0.771592  0.764066  0.787732  0.761459  0.780688  0.754273  0.768916  0.781215  0.770497  0.761218  0.769516  0.769985  0.771942  0.781144  0.778592  0.78278  0.789335  0.790154  0.772517  0.811999  0.764593  0.776936  0.79867  0.785091  0.777643  0.768393  0.792243  0.763154  0.782766  0.76469  0.784616  0.763212  0.768038  0.789737  0.77445  0.811891  0.7947  0.779258  0.779504  0.78576  0.791543  0.776049  0.789635  0.786137  0.781352  0.776223  0.81611  0.794786  0.786606  0.784935  0.787898  0.799041  0.79277  0.774462  0.799833  0.811137  0.786315  0.784857  0.799065  0.793257  0.801195  0.762718  0.787658  0.799727  0.786809  0.802321  0.787884  0.796653  0.785893  0.773791  0.783968  0.790125  0.75459  0.768628  0.766574  0.756149  0.784739  0.753675  0.756403  0.766671  0.777821  0.77582  0.796806  0.77486  0.780915  0.7716  0.772729  0.732671  0.777861  0.772993  0.792345  0.774455  0.793388  0.784704  0.789318  0.773883  0.793737  0.772109  0.804527  0.782208  0.797105  0.784378  0.781669  0.749022  0.764699  0.76259  0.800371  0.775755  0.77595  0.789934  0.778438  0.785672  0.778176  0.780782  0.784347  0.777207  0.779502  0.785522  0.765151  0.78405  0.774116  0.778161  0.786361  0.776553  0.795933  0.771855  0.78883  0.778424  
0.803127  0.811351  0.807913  0.815183  0.844511  0.811622  0.815237  0.846339  1  0.80433  0.784063  0.820962  0.810504  0.80436  0.790469  0.76551  0.773106  0.776276  0.792461  0.784287  0.793477  0.801568  0.789808  0.795732  0.790788  0.793484  0.775479  0.780273  0.788732  0.771615  0.800636  0.762399  0.779434  0.788429  0.779055  0.790011  0.778245  0.79169  0.788637  0.79682  0.79516  0.792074  0.799183  0.769059  0.784865  0.795584  0.788746  0.77345  0.788906  0.796823  0.772175  0.798132  0.770353  0.790329  0.768475  0.787748  0.786488  0.790433  0.811415  0.782489  0.786958  0.782925  0.788591  0.790754  0.795696  0.797151  0.795595  0.787564  0.785497  0.785409  0.796553  0.795561  0.808692  0.794479  0.809305  0.792863  0.785036  0.789407  0.793331  0.776376  0.790806  0.789425  0.792254  0.78767  0.779745  0.778761  0.786319  0.797463  0.795081  0.778762  0.79474  0.783282  0.766117  0.783773  0.793616  0.774989  0.768188  0.769745  0.767811  0.77529  0.775262  0.762825  0.770331  0.768725  0.765064  0.779417  0.763421  0.783533  0.776784  0.771325  0.755086  0.787723  0.786597  0.796637  0.794082  0.785216  0.780789  0.798867  0.798384  0.788157  0.780226  0.783272  0.781758  0.777526  0.785842  0.778249  0.776116  0.782833  0.787835  0.772336  0.791735  0.801669  0.790342  0.771844  0.790232  0.802217  0.805412  0.784002  0.786703  0.796549  0.797839  0.777794  0.810826  0.764813  0.779687  0.791503  0.799532  0.795625  0.787684  0.798416  0.790104  
0.802326  0.79372  0.793081  0.792827  0.771151  0.800656  0.786846  0.766304  0.80433  1  0.799545  0.799328  0.792817  0.787591  0.797458  0.747503  0.798825  0.793249  0.798336  0.792591  0.815797  0.803941  0.801145  0.814493  0.811992  0.802214  0.766425  0.748079  0.787874  0.815172  0.766164  0.798747  0.781558  0.823309  0.791641  0.803571  0.778206  0.803371  0.820548  0.820653  0.814759  0.790574  0.810794  0.769827  0.807668  0.806047  0.77593  0.759914  0.803631  0.793073  0.761442  0.789315  0.790829  0.795889  0.758135  0.797576  0.792031  0.755518  0.821855  0.786063  0.80178  0.814687  0.788954  0.799297  0.801551  0.813072  0.800656  0.799574  0.793137  0.773343  0.799933  0.776094  0.795781  0.819786  0.801308  0.803763  0.78014  0.773322  0.789939  0.752009  0.759472  0.799431  0.789307  0.771946  0.748465  0.78351  0.754656  0.805743  0.773932  0.76824  0.758079  0.782043  0.778702  0.798766  0.799445  0.74524  0.725752  0.747977  0.75145  0.750859  0.742255  0.739944  0.740748  0.772611  0.756243  0.749761  0.753163  0.79669  0.75376  0.75807  0.736247  0.798972  0.802467  0.77883  0.811348  0.827215  0.808714  0.786365  0.813344  0.805791  0.793784  0.765151  0.79723  0.79279  0.789768  0.796763  0.807007  0.799691  0.787137  0.788632  0.802625  0.790311  0.781532  0.783082  0.784223  0.787747  0.813643  0.815007  0.782893  0.804565  0.792774  0.788813  0.799927  0.770236  0.770687  0.798103  0.817495  0.791044  0.787445  0.785776  0.76393  
0.823268  0.808838  0.816132  0.807579  0.795113  0.804788  0.811325  0.789029  0.784063  0.799545  1  0.810833  0.795504  0.796167  0.788562  0.756104  0.790565  0.802933  0.775858  0.807795  0.788142  0.794976  0.787183  0.789414  0.8001  0.79649  0.78643  0.767166  0.763141  0.785778  0.770696  0.773736  0.797069  0.792411  0.81099  0.804292  0.76609  0.78455  0.804704  0.794482  0.794617  0.780379  0.798866  0.789156  0.804655  0.790625  0.792497  0.773236  0.789101  0.795201  0.788301  0.813965  0.808903  0.81324  0.775761  0.805458  0.793394  0.788987  0.80057  0.794296  0.792233  0.808239  0.793655  0.796019  0.800344  0.79849  0.799212  0.790268  0.787444  0.781446  0.776874  0.799255  0.792723  0.790429  0.798909  0.808275  0.769891  0.771679  0.80144  0.788891  0.782131  0.817109  0.806111  0.791941  0.770043  0.788532  0.77152  0.791047  0.77887  0.767298  0.778495  0.784874  0.786055  0.802213  0.780875  0.759318  0.75025  0.764574  0.75946  0.780304  0.764309  0.754512  0.764484  0.7802  0.760605  0.777006  0.761646  0.81672  0.761998  0.776765  0.740384  0.804194  0.810852  0.808281  0.804029  0.801305  0.795042  0.789007  0.783711  0.804095  0.807741  0.793739  0.782686  0.780499  0.780022  0.808678  0.781904  0.796303  0.793621  0.793762  0.800346  0.789369  0.805416  0.778988  0.795801  0.800335  0.816728  0.79838  0.781244  0.798274  0.811555  0.788674  0.799988  0.785962  0.785364  0.79464  0.792829  0.794049  0.788561  0.804885  0.774714  
0.796506  0.828421  0.828565  0.808374  0.850029  0.834144  0.850773  0.844847  0.820962  0.799328  0.810833  1  0.815142  0.808044  0.792601  0.766623  0.790407  0.785576  0.773088  0.781984  0.781766  0.797898  0.773382  0.784567  0.773542  0.8012  0.778869  0.768265  0.756614  0.768475  0.773183  0.782743  0.762587  0.780507  0.788425  0.79766  0.775915  0.779652  0.797262  0.787546  0.799436  0.783092  0.7995  0.783711  0.787753  0.800446  0.804166  0.7758  0.787006  0.798763  0.773314  0.798158  0.790119  0.7877  0.761724  0.796976  0.794063  0.788567  0.807668  0.786136  0.773813  0.790782  0.793435  0.797385  0.777241  0.798098  0.787612  0.792007  0.777669  0.818139  0.785491  0.800587  0.785251  0.797271  0.800639  0.782996  0.766612  0.78229  0.808613  0.767868  0.794299  0.80056  0.791371  0.798089  0.764659  0.775744  0.789243  0.79471  0.793272  0.794667  0.79761  0.77702  0.767832  0.792699  0.792975  0.761513  0.757165  0.772263  0.75198  0.775877  0.75777  0.757193  0.767298  0.785964  0.770601  0.792826  0.760925  0.794649  0.776966  0.770222  0.741318  0.78469  0.800615  0.799915  0.79036  0.794431  0.788247  0.791112  0.77929  0.783569  0.787442  0.798491  0.77728  0.772966  0.77856  0.780403  0.769073  0.774166  0.777947  0.776227  0.77903  0.768467  0.790489  0.77327  0.779249  0.801406  0.788441  0.801135  0.78072  0.800812  0.783682  0.779595  0.797683  0.778717  0.796857  0.802844  0.801533  0.815683  0.800731  0.806611  0.802457  
0.793195  0.824298  0.843498  0.823967  0.816175  0.818732  0.817813  0.801856  0.810504  0.792817  0.795504  0.815142  1  0.806658  0.792064  0.77394  0.798873  0.804374  0.799995  0.813674  0.785724  0.810564  0.798837  0.797459  0.783434  0.815069  0.76659  0.773152  0.780549  0.788065  0.778014  0.785004  0.800834  0.789687  0.788629  0.80292  0.780758  0.789595  0.798253  0.814771  0.79303  0.798443  0.795702  0.771025  0.780458  0.797091  0.801495  0.787014  0.798439  0.7974  0.765359  0.792829  0.791481  0.78046  0.771093  0.779532  0.800158  0.767061  0.797959  0.779072  0.774614  0.798679  0.797697  0.787298  0.785644  0.808574  0.810667  0.793805  0.780366  0.784693  0.781456  0.793124  0.782611  0.785745  0.788429  0.78516  0.778988  0.779334  0.802181  0.781616  0.804691  0.794293  0.797319  0.797629  0.771261  0.790591  0.794411  0.806927  0.802894  0.786368  0.780125  0.778749  0.786868  0.807758  0.798513  0.756865  0.747777  0.759076  0.759641  0.775667  0.766341  0.754545  0.774975  0.772497  0.755321  0.772749  0.756797  0.813181  0.776871  0.771972  0.757733  0.79464  0.805075  0.799291  0.794071  0.785664  0.80658  0.798929  0.79237  0.798019  0.794007  0.778318  0.802723  0.788362  0.784108  0.779241  0.796272  0.789842  0.777443  0.778677  0.793154  0.766203  0.787677  0.77987  0.782255  0.798368  0.787721  0.809181  0.789878  0.783209  0.801573  0.785723  0.812672  0.801149  0.786946  0.809935  0.804361  0.796081  0.789264  0.802184  0.778172  
0.803442  0.798167  0.797919  0.808572  0.794434  0.805165  0.825458  0.787752  0.80436  0.787591  0.796167  0.808044  0.806658  1  0.779172  0.779831  0.793567  0.798659  0.789529  0.802966  0.782172  0.795079  0.790655  0.802023  0.783019  0.79976  0.770664  0.764843  0.775205  0.779339  0.761746  0.806196  0.775789  0.79053  0.818555  0.801916  0.773286  0.778923  0.797944  0.807564  0.796974  0.793207  0.787265  0.778881  0.777418  0.801279  0.784635  0.778901  0.797946  0.799178  0.765455  0.793447  0.791689  0.787187  0.776878  0.788323  0.803321  0.772916  0.797559  0.789992  0.789076  0.794413  0.797898  0.76951  0.79952  0.817087  0.796364  0.791396  0.798114  0.778959  0.784958  0.784511  0.794552  0.79551  0.788339  0.794687  0.77129  0.77115  0.793672  0.772886  0.784076  0.780367  0.775955  0.785622  0.774241  0.782696  0.785629  0.795087  0.780303  0.775389  0.772706  0.777644  0.792676  0.783712  0.793773  0.768371  0.755226  0.769427  0.776971  0.7676  0.749491  0.761308  0.759208  0.796178  0.761993  0.783567  0.773282  0.796955  0.774323  0.761721  0.762436  0.79399  0.810573  0.798043  0.80554  0.79511  0.803812  0.78983  0.792207  0.788228  0.805342  0.784739  0.786376  0.771257  0.779294  0.807688  0.782868  0.796083  0.777973  0.78363  0.778089  0.774786  0.788356  0.78278  0.784098  0.788291  0.795782  0.796158  0.784152  0.79229  0.790141  0.766034  0.802243  0.777867  0.778299  0.80804  0.796226  0.799479  0.795178  0.79863  0.787102  
0.787546  0.800704  0.789484  0.787275  0.780323  0.780264  0.781247  0.777798  0.790469  0.797458  0.788562  0.792601  0.792064  0.779172  1  0.74797  0.806382  0.789031  0.829896  0.786927  0.834314  0.787838  0.834077  0.820099  0.827192  0.791548  0.769825  0.749818  0.797948  0.831726  0.804041  0.804307  0.832667  0.808823  0.793874  0.797363  0.780974  0.783987  0.793932  0.79199  0.789481  0.79217  0.81041  0.771775  0.771824  0.785125  0.774905  0.775604  0.789767  0.782219  0.782392  0.801927  0.778815  0.786534  0.759377  0.810879  0.808149  0.762784  0.788124  0.783399  0.805264  0.814116  0.777612  0.800537  0.772716  0.796684  0.799971  0.777949  0.794357  0.772028  0.771236  0.776998  0.808778  0.780952  0.778631  0.784557  0.779661  0.77942  0.793437  0.767599  0.779927  0.791604  0.773987  0.771353  0.755157  0.79483  0.760063  0.801956  0.763724  0.783154  0.76284  0.792305  0.777388  0.789224  0.804303  0.774714  0.754076  0.753266  0.771165  0.763429  0.749021  0.746797  0.755352  0.783131  0.749463  0.772755  0.768201  0.784426  0.767249  0.762894  0.753665  0.780602  0.803008  0.7858  0.77995  0.808409  0.786539  0.796339  0.801391  0.809478  0.781206  0.77353  0.792793  0.789849  0.787448  0.793596  0.801144  0.826827  0.786094  0.784201  0.784401  0.789808  0.784715  0.791823  0.773076  0.78971  0.811227  0.795201  0.788036  0.795686  0.801684  0.811922  0.808617  0.791251  0.780036  0.792834  0.796134  0.783619  0.808974  0.781079  0.769334  
0.754695  0.773567  0.755462  0.780838  0.77182  0.771343  0.773936  0.76091  0.76551  0.747503  0.756104  0.766623  0.77394  0.779831  0.74797  1  0.796313  0.78807  0.775295  0.77892  0.756531  0.761376  0.75185  0.773991  0.762199  0.773489  0.773714  0.767971  0.788948  0.754973  0.768187  0.76653  0.758684  0.752856  0.7722  0.777662  0.776122  0.763414  0.764307  0.779065  0.78027  0.782383  0.782815  0.766905  0.755734  0.775161  0.766627  0.75445  0.770886  0.782915  0.783033  0.77106  0.780477  0.783193  0.778892  0.776646  0.75532  0.767585  0.770434  0.758609  0.752784  0.766646  0.764847  0.759776  0.766814  0.77053  0.759595  0.746953  0.760751  0.773068  0.779516  0.775344  0.750807  0.756189  0.738929  0.753099  0.76531  0.778023  0.764808  0.790637  0.777767  0.759174  0.760365  0.779547  0.785561  0.798575  0.767247  0.761104  0.783194  0.77141  0.785748  0.781699  0.767352  0.780518  0.769406  0.768351  0.770153  0.774232  0.76295  0.77471  0.779129  0.783085  0.776941  0.789219  0.773454  0.762127  0.770398  0.770437  0.76405  0.770945  0.777323  0.775295  0.772521  0.774532  0.763528  0.784643  0.787591  0.780582  0.777538  0.779331  0.77456  0.773247  0.797188  0.779008  0.775894  0.76528  0.785401  0.775527  0.777313  0.77886  0.769447  0.77878  0.777301  0.767175  0.762222  0.788339  0.76904  0.768992  0.766244  0.76506  0.767683  0.776759  0.776134  0.780281  0.784547  0.775639  0.763936  0.776387  0.793768  0.776851  0.775136  
0.783406  0.784008  0.791309  0.783308  0.76921  0.784435  0.781496  0.768012  0.773106  0.798825  0.790565  0.790407  0.798873  0.793567  0.806382  0.796313  1  0.803412  0.805569  0.799441  0.794404  0.791548  0.786499  0.802728  0.800127  0.800298  0.778011  0.776239  0.779026  0.77869  0.771673  0.774226  0.782815  0.79411  0.786057  0.772894  0.78258  0.785167  0.81201  0.796812  0.799572  0.802558  0.806473  0.771453  0.795857  0.801875  0.791173  0.77286  0.778336  0.809435  0.771303  0.80345  0.795362  0.798679  0.765275  0.80079  0.794554  0.766243  0.79172  0.765655  0.779744  0.807794  0.791292  0.790322  0.797935  0.796063  0.782386  0.794685  0.791463  0.780999  0.76774  0.76989  0.773687  0.789747  0.779157  0.777094  0.796907  0.777342  0.800865  0.781696  0.801597  0.788725  0.799827  0.792035  0.760774  0.77869  0.791184  0.808327  0.788232  0.778222  0.789918  0.798238  0.789198  0.818935  0.810227  0.763384  0.74957  0.765041  0.763801  0.781341  0.769392  0.753947  0.764593  0.780527  0.766455  0.777167  0.765868  0.805163  0.759367  0.768328  0.752166  0.81514  0.802568  0.787048  0.786743  0.792896  0.801154  0.815286  0.790377  0.801973  0.793944  0.785005  0.805336  0.782483  0.791639  0.779146  0.79666  0.790491  0.789714  0.785041  0.80488  0.785949  0.800979  0.783781  0.799452  0.793543  0.815448  0.81132  0.797967  0.806868  0.808589  0.770836  0.804081  0.793851  0.786481  0.795268  0.788924  0.809409  0.805303  0.784138  0.774221  
0.794894  0.786114  0.789964  0.783704  0.771792  0.790374  0.785909  0.769015  0.776276  0.793249  0.802933  0.785576  0.804374  0.798659  0.789031  0.78807  0.803412  1  0.800044  0.82471  0.810175  0.790809  0.785138  0.779521  0.821549  0.796801  0.779232  0.778632  0.788898  0.80183  0.767071  0.772018  0.768547  0.802432  0.772599  0.793655  0.761726  0.778131  0.800343  0.799595  0.803057  0.805207  0.790424  0.789481  0.792952  0.78919  0.795876  0.771083  0.792362  0.797986  0.782551  0.809084  0.810005  0.804628  0.778461  0.808891  0.800512  0.781763  0.800369  0.76484  0.775064  0.795  0.788763  0.779926  0.784152  0.815137  0.784224  0.771305  0.770607  0.797339  0.766103  0.78007  0.760997  0.782909  0.791983  0.782659  0.787999  0.774136  0.785738  0.793862  0.79999  0.79552  0.77841  0.77884  0.762446  0.768022  0.762118  0.808703  0.77403  0.771172  0.772755  0.788951  0.799982  0.807392  0.804148  0.744915  0.745863  0.76399  0.772169  0.776148  0.772392  0.75092  0.761642  0.793032  0.759322  0.770995  0.757751  0.811366  0.759023  0.767555  0.745802  0.812605  0.801863  0.802827  0.807846  0.797835  0.789147  0.7956  0.77816  0.804732  0.788939  0.788539  0.802571  0.791509  0.790358  0.795877  0.810705  0.810583  0.795911  0.807553  0.80812  0.797307  0.807687  0.786465  0.792021  0.796983  0.820514  0.816523  0.797245  0.818145  0.811806  0.78705  0.802635  0.775098  0.77947  0.785726  0.80332  0.791865  0.792883  0.781346  0.770336  
0.779087  0.799268  0.783277  0.783192  0.77546  0.787895  0.771249  0.770055  0.792461  0.798336  0.775858  0.773088  0.799995  0.789529  0.829896  0.775295  0.805569  0.800044  1  0.786989  0.825162  0.799055  0.809722  0.817963  0.824123  0.791013  0.769206  0.794282  0.798314  0.806946  0.815329  0.802423  0.86041  0.833673  0.788599  0.787664  0.785461  0.794044  0.78383  0.785388  0.801318  0.783259  0.80342  0.792724  0.787857  0.78717  0.792527  0.782203  0.798031  0.793114  0.784475  0.78862  0.801718  0.786843  0.78015  0.801856  0.771521  0.783728  0.80858  0.771532  0.764652  0.80319  0.771661  0.787917  0.788497  0.777086  0.806497  0.781293  0.778097  0.770813  0.781514  0.77117  0.777089  0.766126  0.771009  0.778293  0.774991  0.777496  0.773328  0.762895  0.790317  0.781714  0.763794  0.790461  0.765518  0.79092  0.783244  0.772978  0.786709  0.79769  0.777697  0.79121  0.779972  0.779685  0.792642  0.758661  0.744413  0.767302  0.764969  0.759819  0.761988  0.771041  0.764308  0.780116  0.778517  0.77102  0.779791  0.795729  0.790829  0.769295  0.772906  0.793257  0.802348  0.772655  0.786522  0.782372  0.7852  0.794889  0.798639  0.809162  0.800992  0.783473  0.787438  0.776743  0.795112  0.79454  0.784944  0.804272  0.7904  0.779442  0.80322  0.802531  0.794551  0.797035  0.783783  0.789631  0.795555  0.8119  0.769885  0.782581  0.780234  0.792413  0.801376  0.77137  0.755373  0.787394  0.776603  0.790452  0.786326  0.782945  0.78071  
0.784861  0.783443  0.795023  0.788706  0.768006  0.795517  0.785683  0.782802  0.784287  0.792591  0.807795  0.781984  0.813674  0.802966  0.786927  0.77892  0.799441  0.82471  0.786989  1  0.800635  0.791325  0.803858  0.784977  0.792292  0.800597  0.780453  0.776068  0.783529  0.79428  0.764329  0.781557  0.797398  0.785708  0.766285  0.784369  0.779226  0.772786  0.818109  0.803613  0.803598  0.801708  0.800102  0.790688  0.802168  0.793964  0.797455  0.769649  0.791559  0.789447  0.775885  0.817938  0.802271  0.808478  0.774067  0.800772  0.788256  0.777904  0.803335  0.774612  0.773395  0.802739  0.775205  0.799334  0.792075  0.810031  0.7878  0.790362  0.784606  0.792842  0.765789  0.782468  0.769282  0.790538  0.781217  0.771109  0.801175  0.791907  0.798569  0.78674  0.786002  0.787459  0.796922  0.801593  0.772724  0.782453  0.773903  0.802218  0.780901  0.777318  0.795491  0.796465  0.792065  0.799253  0.812643  0.756651  0.748098  0.761219  0.763748  0.783709  0.758275  0.749646  0.76743  0.796123  0.758452  0.766779  0.762373  0.820394  0.754114  0.772255  0.72957  0.817005  0.796476  0.806625  0.810131  0.785817  0.790317  0.797734  0.779703  0.802701  0.79347  0.781533  0.792634  0.792359  0.78591  0.785123  0.801769  0.806105  0.802931  0.808439  0.815643  0.793069  0.811056  0.78962  0.788309  0.80312  0.819448  0.812515  0.795502  0.815682  0.821225  0.794933  0.809601  0.79139  0.786496  0.793321  0.791967  0.79085  0.803042  0.81093  0.767616  
0.795864  0.791476  0.786417  0.806958  0.786633  0.78752  0.789035  0.790295  0.793477  0.815797  0.788142  0.781766  0.785724  0.782172  0.834314  0.756531  0.794404  0.810175  0.825162  0.800635  1  0.816197  0.833111  0.822419  0.844226  0.783953  0.774969  0.754953  0.821579  0.83126  0.801356  0.840765  0.812927  0.818465  0.792298  0.792864  0.7714  0.783879  0.804104  0.808293  0.790519  0.805626  0.789277  0.777902  0.797999  0.788938  0.777985  0.780505  0.793011  0.807897  0.770842  0.807043  0.793034  0.788997  0.781274  0.79404  0.790225  0.77283  0.798002  0.777483  0.791118  0.801516  0.778628  0.782077  0.792989  0.797725  0.801823  0.789089  0.780531  0.779102  0.775099  0.785554  0.804694  0.799386  0.788832  0.80679  0.796793  0.783497  0.80023  0.773671  0.785418  0.806934  0.782784  0.790803  0.768598  0.77802  0.772805  0.789159  0.77456  0.785256  0.773285  0.778013  0.797085  0.808859  0.790873  0.766595  0.74553  0.769017  0.769584  0.750849  0.756876  0.763053  0.760953  0.772453  0.762423  0.762628  0.770211  0.786062  0.754147  0.771847  0.760987  0.815246  0.775889  0.782348  0.801904  0.787882  0.795788  0.785502  0.787521  0.803947  0.797461  0.779333  0.792132  0.795813  0.791111  0.796736  0.78583  0.790612  0.798427  0.782281  0.813794  0.789339  0.7889  0.785461  0.785931  0.79311  0.79132  0.802669  0.778427  0.797134  0.806558  0.7992  0.805347  0.793815  0.772486  0.78773  0.800971  0.800559  0.797014  0.79352  0.769605  
0.785469  0.795441  0.81255  0.799025  0.798803  0.799287  0.785836  0.79308  0.801568  0.803941  0.794976  0.797898  0.810564  0.795079  0.787838  0.761376  0.791548  0.790809  0.799055  0.791325  0.816197  1  0.797128  0.812898  0.831954  0.793558  0.765261  0.761647  0.792554  0.810139  0.772858  0.80864  0.790541  0.809973  0.797395  0.788013  0.776279  0.791719  0.801968  0.804079  0.794964  0.785523  0.79289  0.777605  0.782736  0.790558  0.791706  0.782682  0.785088  0.785811  0.779827  0.797187  0.801755  0.782385  0.769213  0.798428  0.797938  0.792892  0.813238  0.763072  0.778396  0.798048  0.790576  0.790113  0.787312  0.81202  0.801556  0.780263  0.783544  0.765904  0.774804  0.788896  0.777497  0.776703  0.787605  0.778914  0.779026  0.794188  0.792371  0.762614  0.780018  0.789107  0.785235  0.772152  0.767862  0.783982  0.772681  0.788828  0.77868  0.794746  0.759164  0.788559  0.792087  0.795981  0.808789  0.765044  0.755814  0.772055  0.780414  0.777178  0.743461  0.761409  0.754936  0.781931  0.765695  0.771552  0.762467  0.794648  0.774266  0.768177  0.746933  0.80586  0.78631  0.794995  0.799995  0.813167  0.817711  0.794176  0.787358  0.785519  0.796617  0.784131  0.778655  0.797198  0.784116  0.785163  0.797749  0.785966  0.77242  0.796141  0.805516  0.789219  0.783903  0.776879  0.789192  0.787971  0.811655  0.792499  0.786721  0.800819  0.798806  0.789454  0.800198  0.785115  0.788946  0.820354  0.799207  0.791462  0.80318  0.804534  0.779396  
0.787507  0.786996  0.790696  0.789908  0.772396  0.794426  0.783838  0.770228  0.789808  0.801145  0.787183  0.773382  0.798837  0.790655  0.834077  0.75185  0.786499  0.785138  0.809722  0.803858  0.833111  0.797128  1  0.811685  0.837782  0.790446  0.779457  0.754321  0.810904  0.814013  0.78502  0.807108  0.820593  0.812622  0.7964  0.801115  0.762323  0.791637  0.807218  0.800407  0.796005  0.784384  0.802151  0.762856  0.776844  0.793513  0.795859  0.77856  0.78246  0.777379  0.763103  0.809891  0.802432  0.770829  0.74981  0.78594  0.79562  0.784214  0.800793  0.772192  0.776734  0.804746  0.768724  0.775359  0.796367  0.804614  0.807376  0.77294  0.795546  0.769626  0.760999  0.764654  0.778404  0.800152  0.77626  0.79098  0.779516  0.789787  0.791692  0.761254  0.772404  0.791441  0.77387  0.787916  0.761603  0.768672  0.757631  0.797992  0.770164  0.772313  0.764967  0.782375  0.790371  0.795681  0.80352  0.762151  0.730609  0.7683  0.786393  0.751837  0.767481  0.756279  0.756809  0.777166  0.755705  0.779926  0.757744  0.811409  0.752902  0.74909  0.764023  0.810751  0.823893  0.792539  0.795556  0.800446  0.809482  0.806722  0.795546  0.802787  0.802543  0.787122  0.798109  0.793315  0.791502  0.784458  0.787385  0.810242  0.787924  0.768991  0.799851  0.782269  0.782046  0.786246  0.764418  0.779974  0.817173  0.814973  0.805249  0.78893  0.78529  0.7925  0.795608  0.810003  0.784994  0.785251  0.780954  0.790845  0.793494  0.783541  0.780022  
0.801851  0.787365  0.789352  0.787079  0.781416  0.793647  0.785221  0.771592  0.795732  0.814493  0.789414  0.784567  0.797459  0.802023  0.820099  0.773991  0.802728  0.779521  0.817963  0.784977  0.822419  0.812898  0.811685  1  0.834786  0.782126  0.767096  0.740787  0.795768  0.828274  0.787399  0.815557  0.816549  0.833596  0.789826  0.794107  0.750896  0.789727  0.798041  0.801657  0.800638  0.798265  0.791072  0.769582  0.778814  0.789786  0.797351  0.766887  0.784821  0.791493  0.764253  0.790044  0.784086  0.791182  0.75142  0.784897  0.798796  0.781881  0.798998  0.780804  0.787269  0.786631  0.778794  0.787039  0.804566  0.798074  0.798858  0.778966  0.787521  0.780894  0.770271  0.785975  0.788802  0.783129  0.777059  0.784204  0.795723  0.787083  0.798552  0.74527  0.783272  0.776638  0.781231  0.773408  0.759017  0.78932  0.771418  0.795539  0.782111  0.781428  0.773086  0.773576  0.801889  0.790839  0.79707  0.745553  0.73456  0.765837  0.776489  0.752408  0.751094  0.748869  0.751552  0.771385  0.762027  0.767446  0.760212  0.78189  0.775874  0.768841  0.74484  0.801496  0.781976  0.776333  0.809044  0.793032  0.782692  0.780088  0.800721  0.786368  0.783022  0.774417  0.784795  0.78104  0.757664  0.787594  0.788398  0.794657  0.774685  0.764545  0.796104  0.772421  0.766986  0.781216  0.768157  0.775052  0.787484  0.798201  0.778922  0.786305  0.783805  0.77795  0.792171  0.780451  0.756665  0.798245  0.801109  0.795449  0.790495  0.795986  0.775453  
0.783809  0.792283  0.802667  0.796777  0.785066  0.793052  0.778858  0.764066  0.790788  0.811992  0.8001  0.773542  0.783434  0.783019  0.827192  0.762199  0.800127  0.821549  0.824123  0.792292  0.844226  0.831954  0.837782  0.834786  1  0.803327  0.773076  0.755356  0.811037  0.830642  0.789315  0.835189  0.820193  0.829282  0.799102  0.794932  0.753755  0.786655  0.823467  0.794492  0.777096  0.794948  0.78232  0.778596  0.779993  0.790542  0.783572  0.768849  0.798953  0.787578  0.779453  0.786919  0.795766  0.792693  0.766077  0.792319  0.783446  0.781456  0.807134  0.772882  0.775877  0.811122  0.768368  0.793701  0.79056  0.801185  0.784455  0.766361  0.778014  0.775736  0.783455  0.767165  0.785209  0.785421  0.768881  0.784324  0.783581  0.766055  0.791613  0.759798  0.768799  0.791917  0.772446  0.773965  0.753017  0.779872  0.757073  0.769259  0.767594  0.767921  0.755922  0.768896  0.780928  0.818055  0.782502  0.748853  0.729835  0.768079  0.767918  0.749379  0.755048  0.740267  0.746131  0.775007  0.75132  0.751107  0.747431  0.799337  0.74907  0.761382  0.750622  0.816929  0.800427  0.772497  0.793916  0.789313  0.788717  0.798766  0.779478  0.801136  0.790174  0.763966  0.803892  0.781322  0.774025  0.800139  0.792914  0.791602  0.799487  0.783899  0.799157  0.786012  0.79423  0.770895  0.774052  0.794694  0.812652  0.803499  0.790502  0.792792  0.787122  0.77362  0.786913  0.781585  0.750571  0.785753  0.795368  0.784228  0.794929  0.774635  0.772686  
0.796515  0.803549  0.798571  0.809693  0.779433  0.817885  0.791495  0.787732  0.793484  0.802214  0.79649  0.8012  0.815069  0.79976  0.791548  0.773489  0.800298  0.796801  0.791013  0.800597  0.783953  0.793558  0.790446  0.782126  0.803327  1  0.768084  0.768677  0.803611  0.79313  0.751996  0.77883  0.789487  0.81667  0.787787  0.779434  0.759802  0.795018  0.809315  0.814313  0.812631  0.800095  0.797558  0.778608  0.790672  0.802917  0.77862  0.771907  0.811928  0.797748  0.778643  0.794224  0.778924  0.795192  0.754101  0.788279  0.807673  0.784149  0.80522  0.79344  0.800369  0.80421  0.803936  0.792709  0.806003  0.808623  0.807431  0.811566  0.804026  0.786813  0.773991  0.774859  0.811023  0.811752  0.804828  0.803267  0.770233  0.784377  0.808665  0.774614  0.78802  0.79642  0.802137  0.795292  0.755768  0.769106  0.770528  0.804499  0.79186  0.775848  0.782297  0.77517  0.791954  0.791255  0.799146  0.754684  0.742874  0.765101  0.757864  0.765134  0.742955  0.751696  0.745412  0.775419  0.752984  0.759589  0.758637  0.801636  0.763429  0.767593  0.755052  0.796407  0.791676  0.781156  0.792258  0.802397  0.797433  0.790311  0.786733  0.791857  0.798166  0.78176  0.790401  0.777193  0.790574  0.806955  0.785228  0.783608  0.793187  0.797501  0.79206  0.79948  0.797463  0.780191  0.775946  0.788759  0.804624  0.805744  0.774956  0.803606  0.79274  0.774711  0.812934  0.784675  0.782079  0.813136  0.804765  0.801666  0.80806  0.810662  0.780342  
